0     0     0     -1  1  1  0     -1  0     -1  0     0     1  0     0     -2  2  2  2  -1  36.7883  -42.7883  0     
0     0     0     -4  4  3  -2  0     0     -1  0     0     2  0     -1  -5  5  6  4  -4  128.187  -146.187  0     
0     0     0     0     0     0     0     0     0     0     0     0     -1  0     0     0     0     0     0     0     0     0     0     
0     0     0     -1  1  1  0     0     0     0     0     0     0     0     0     -1  1  1  1  -1  26.4066  -32.4066  0     
0     0     0     -1  1  1  0     0     0     0     0     0     0     0     0     -1  1  1  1  -1  26.4066  -32.4066  0     
0     0     0     0     0     0     0     0     0     0     0     0     -1  0     0     0     0     0     0     0     0     0     0     
0     0     0     0     0     0     0     0     0     0     0     1  0     0     0     0     0     0     0     0     0     0     0     
0     0     0     0     0     0     0     0     0     0     0     0     0     0     0     0     0     0     -1  0     0     0     0     
0     0     0     1  -1  0     0     0     0     0     0     0     0     0     0     0     0     0     -1  1  -38.5227  44.5228  0     
0     0     0     3  -3  -2  2  -1  0     0     0     0     -1  0     1  3  -3  -4  -2  3  -91.3987  103.399  0     
-0.25  -1  -1  -0.5  0.5  0.25  2  0.25  -1  0     -1  -2  1.25  1  -0.25  -0.75  0     0.25  -0.75  -1  -166.189  165.689  2  
-0.25  0     0     -0.5  0.5  0.25  2  0.25  0     0     0     0     0.25  0     -0.25  -0.75  0     0.25  0.25  -1  0.555686  -2.05569  0     
0     0     0     0     0     0     0     0     0     0     0     0     0     0     0     0     0     0     0     0     2.77009  -2.77009  0     
0     0     0     0     0     0     0     -1  0     0     0     0     0     0     0     0     0     -1  1  0     0.462643  -3.46265  0     
0     0     0     -1  1  1  0     0     0     0     0     0     0     0     0     -1  1  1  1  -1  26.4066  -32.4066  0     
0     0     0     0     0     0     2  0     0     0     0     0     0     0     0     0     0     0     0     0     0     0     0     
0     0     0     -1  1  1  0     1  0     1  0     0     0     0     -1  0     0     -1  0     -1  45.1423  -52.1423  -2  
0     0     0     0     0     0     0     0     0     0     0     0     0     0     0     0     0     0     0     0     -4.5014  5.50141  2  
0     0     0     3  -3  -2  2  -1  0     0     0     0     -1  0     1  3  -3  -4  -2  3  -91.3987  103.399  0     
0     0     0     0     0     0     0     0     0     0     0     0     -1  0     0     0     0     0     0     0     0     0     0     
0     0     0     -4  4  3  -2  0     0     -1  0     0     2  0     -1  -5  5  6  4  -4  128.187  -146.187  0     
0     0     0     1  -1  0     0     0     0     0     0     0     0     0     0     0     0     0     -1  1  -38.5227  44.5227  0     
0     0     0     0     0     0     0     -1  0     0     0     0     0     0     0     0     0     -1  1  0     0.462568  -3.46256  0     
0     0     0     3  -3  -2  2  -1  0     0     0     0     -1  0     1  3  -3  -4  -2  3  -91.3988  103.399  0     
0     0     0     0     0     0     0     0     0     -1  0     0     0     0     0     0     0     0     0     0     0     0     0     
0     0     0     0     0     0     0     0     0     0     0     0     0     0     0     0     0     0     0     0     4.25096  -3.25096  1  
0     0     0     0     0     -1  0     0     0     0     0     0     0     0     0     0     0     0     0     0     15.1047  -15.1047  0     
0     0     0     1  -1  -1  0     1  0     0     0     0     -1  0     0     2  -2  -1  -2  1  -57.2614  62.2614  -2  
0     0     0     -1  1  0     -2  0     0     0     0     0     1  0     0     -2  2  3  1  -1  24.8471  -27.8471  0     
0     0     0     -1  1  1  0     1  0     1  0     0     0     0     -1  0     0     -1  0     -1  45.1423  -52.1423  -2  
0     0     0     0     0     1  0     0     0     0     0     0     0     0     0     0     0     0     0     0     0     0     0     
0     0     0     0     0     0     1  0     0     0     0     0     0     0     0     0     0     0     0     0     0     0     0     
0     0     0     0     0     0     0     0     0     0     0     0     0     0     0     0     0     0     0     0     10.1903  -10.1903  0     
0     0     0     0     0     0     0     0     0     0     0     0     0     0     1  0     0     0     0     0     0     0     0     
0     0     0     0     0     0     0     0     0     0     0     0     0     0     0     1  -1  0     0     0     0     0     0     
0     0     0     0     0     0     0     0     0     0     0     0     0     0     0     0     0     0     0     0     0     0     1  
0     0     0     0     0     0     0     0     1  0     0     0     0     0     0     0     0     0     0     0     0     0     -1  
1  0     0     0     0     0     0     0     0     -1  0     0     0     0     0     0     0     0     0     0     0     0     0     
1  0  0  0  0  0  0  0  0  0  0  0  0  0  0  0  0  0  0  0  0  0  0  
0     0     0     0     0     0     0     0     0     0     0     0     0     0     0     0     0     1  0     0     0     0     0     
0     0     0     0     0     0     0     0     0     0     0     0     0     0     0     0     0     0     0     0     4.4867  -1.4867  0     
0     0     0     0     0     0     0     0     0     0     0     0     0     0     0     0     0     0     0     0     -0.357339  1.35734  2  
0     0     0     0     0     0     0     0     0     0     0     0     0     0     0     0     0     0     0     0     4.25096  -3.25096  1  
0     1  1  0     0     0     0     0     0     0     0     0     0     0     0     0     0     0     0     0     0.708308  -0.708309  0     
0     0     1  0     0     -1  0     0     0     0     0     0     0     0     0     0     0     0     0     0     0.708312  -0.708312  0     
0  1  0  0  0  0  0  0  0  0  0  0  0  0  0  0  0  0  0  0  0  0  0  
0  0  1  0  0  0  0  0  0  0  0  0  0  0  0  0  0  0  0  0  0  0  0  
0     0     0     0     0     -1  0     0     0     0     0     0     0     0     0     0     0     0     0     0     15.1047  -15.1047  0     
0     0     0     0     0     0     0     0     0     0     0     0     0     0     0     0     0     0     0     0     4.4867  -1.4867  0     
0     0     0     -1  1  0     -2  0     0     0     0     0     1  0     0     -2  2  3  1  -1  24.8471  -27.8471  0     
0     0     0     -1  1  1  0     0     0     0     0     0     0     0     0     0     0     0     0     -1  26.4066  -32.4066  0     
0     0     0     0     0     0     0     0     0     0     0     0     0     0     0     -1  1  1  1  0     0     0     0     
0     0     0     -1  1  1  0     1  0     1  0     0     0     0     -1  0     0     -1  0     -1  45.1423  -52.1423  -2  
0     0     0     0     0     0     0     0     0     0     0     0     0     0     0     -1  1  1  1  0     0     0     0     
0     0     0     -1  1  1  0     0     0     0     0     -1  0     1  0     -1  1  1  1  -1  41.5462  -47.5462  -1  
0     0     0     0     -1  -1  0     0     0     0     0     1  0     -1  0     0     0     1  0     1  -41.5462  47.5462  1  
0  0  0  1  0  0  0  0  0  0  0  0  0  0  0  0  0  0  0  0  0  0  0  
0     0     0     0     0     0     2  0     0     0     0     0     0     0     0     0     0     -1  0     0     0     0     0     
0  0  0  0  1  0  0  0  0  0  0  0  0  0  0  0  0  0  0  0  0  0  0  
0  0  0  0  0  1  0  0  0  0  0  0  0  0  0  0  0  0  0  0  0  0  0  
0  0  0  0  0  0  1  0  0  0  0  0  0  0  0  0  0  0  0  0  0  0  0  
0  0  0  0  0  0  0  1  0  0  0  0  0  0  0  0  0  0  0  0  0  0  0  
0  0  0  0  0  0  0  0  1  0  0  0  0  0  0  0  0  0  0  0  0  0  0  
0  0  0  0  0  0  0  0  0  1  0  0  0  0  0  0  0  0  0  0  0  0  0  
0     0     0     0     0     0     0     0     0     0     0     0     0     0     0     0     0     0     0     0     -0.8036  -1.1964  1  
0     0     0     0     0     0     0     0     0     0     0     0     0     0     0     0     0     0     0     0     0.357339  -1.35734  -2  
0     0     0     0     0     0     0     0     0     0     0     0     0     0     0     0     0     0     0     0     4.4867  -1.4867  0     
0     0     0     0     0     0     0     0     0     0     0     0     0     0     0     0     0     0     0     0     4.50137  -5.50137  -2  
0     0     0     0     0     0     0     0     0     0     0     0     0     0     0     0     0     0     0     0     10.1903  -10.1903  0     
0     0     0     0     0     0     0     0     0     0     1  1  0     -1  0     0     0     0     0     0     -10.1903  10.1903  1  
0  0  0  0  0  0  0  0  0  0  1  0  0  0  0  0  0  0  0  0  0  0  0  
0  0  0  0  0  0  0  0  0  0  0  1  0  0  0  0  0  0  0  0  0  0  0  
0  0  0  0  0  0  0  0  0  0  0  0  1  0  0  0  0  0  0  0  0  0  0  
0  0  0  0  0  0  0  0  0  0  0  0  0  1  0  0  0  0  0  0  0  0  0  
0  0  0  0  0  0  0  0  0  0  0  0  0  0  1  0  0  0  0  0  0  0  0  
0     0     0     0     0     0     0     0     0     0     0     0     0     0     0     0     0     0     0     0     1  1  0     
0     0     0     0     0     0     0     0     0     0     0     0     0     0     0     0     0     0     0     0     -3.4867  2.4867  0     
0  0  0  0  0  0  0  0  0  0  0  0  0  0  0  1  0  0  0  0  0  0  0  
0  0  0  0  0  0  0  0  0  0  0  0  0  0  0  0  1  0  0  0  0  0  0  
0  0  0  0  0  0  0  0  0  0  0  0  0  0  0  0  0  1  0  0  0  0  0  
0  0  0  0  0  0  0  0  0  0  0  0  0  0  0  0  0  0  1  0  0  0  0  
0     0     0     0     0     0     0     0     0     0     0     0     0     0     0     0     0     0     0     0     1  0     0     
0  0  0  0  0  0  0  0  0  0  0  0  0  0  0  0  0  0  0  1  0  0  0  
0  0  0  0  0  0  0  0  0  0  0  0  0  0  0  0  0  0  0  0  1  0  0  
0  0  0  0  0  0  0  0  0  0  0  0  0  0  0  0  0  0  0  0  0  1  0  
0  0  0  0  0  0  0  0  0  0  0  0  0  0  0  0  0  0  0  0  0  0  1  
