0.0945102
9.45465e-06  3.78491e-05  3.78491e-05  -0.0168675  0.0168944  0.00981351  -0.00780336  0.0028142  3.78188e-05  -0.00104021  3.7817e-05  4.87334e-05  0.00584851  -1.09149e-05  -0.00484614  -0.0156278  0.0156561  0.0184912  0.0140912  -0.0168755  0.665815  -0.7447  -0.00170344  
2.82228
-0.000619578  -0.00248259  -0.00248259  -0.213628  0.213023  0.232846  -0.131483  0.0135695  -0.0024776  -0.0552921  -0.00248061  -0.00443361  0.113065  0.00195312  -0.0552784  -0.302126  0.30024  0.370803  0.19791  -0.214271  -0.501785  -0.40263  -0.0212529  
4.52088
0.000272409  0.00107595  0.00107595  0.0295919  -0.0320167  0.022461  -0.134125  -0.0925092  0.00093121  -0.158373  0.00107497  0.00460231  0.107008  -0.00352766  0.0528128  -0.314637  0.315375  0.466164  0.0649027  0.032557  0.437001  0.415806  0.383124  
8.95049
0.000992524  0.00404483  0.00404482  0.0863699  -0.0851099  0.348483  -0.107749  0.229859  0.00500496  0.181681  0.00404275  0.00713544  0.0407967  -0.00309553  -0.247681  -0.238379  0.241205  0.0108076  -0.312869  0.0871606  0.172214  0.162295  -0.653188  
12.6603
-0.000852037  -0.00325916  -0.00325916  -0.132042  0.132644  0.652644  -0.0957924  0.260424  -0.00469719  0.209968  -0.0032594  -0.00808158  -0.0379636  0.00482723  -0.2119  0.199401  -0.201501  -0.0974557  -0.137355  -0.134368  0.0608797  0.0602961  0.487168  
17.0372
0.00288206  0.0111736  0.0111735  0.15025  -0.139987  0.582448  0.124802  -0.375546  0.0124738  -0.303184  0.0111727  0.0139927  0.105212  -0.00285356  0.310372  0.2216  -0.212584  0.167415  0.242312  0.145738  0.0219653  0.0141167  -0.242789  
17.8765
-0.00124706  -0.00501541  -0.00501537  0.115016  -0.100751  0.228722  0.364554  -0.17841  -0.0063457  -0.00240194  -0.00501865  -0.0226184  -0.0644667  0.0176193  0.0957182  -0.402737  0.397632  -0.595723  0.0642092  0.0984004  -0.0528636  -0.0542736  0.224887  
28.5355
0.00339704  0.0143286  0.0143283  -0.0694616  0.0753972  0.0591832  -0.23138  0.240129  0.0149379  0.147466  0.0143484  0.0198719  -0.35358  -0.0056496  0.826941  -0.0589799  0.0690724  -0.00654139  -0.168506  -0.0685855  0.00298304  0.00268492  -0.0388305  
36.9556
-0.0130644  -0.0525409  -0.0525387  -0.0220383  0.0427052  -0.0477839  0.106781  0.132181  -0.0534808  0.12929  -0.0526715  -0.126095  0.877461  0.0742498  0.307661  0.00110351  -0.0396013  -0.0882207  -0.193371  -0.0688119  -0.00264824  -0.00267852  0.031488  
58.8517
0.0430798  0.185254  0.185234  -0.157096  -0.0828251  -0.0105278  -0.23688  0.0578233  0.186921  0.186349  0.186499  0.58  0.221758  -0.401354  0.0232092  0.0562034  0.0768309  -0.17339  0.340653  0.172887  0.0281024  0.0294525  -0.00648809  
88.047
0.0463134  0.198698  0.198648  0.461217  0.104775  -0.00328614  -0.568446  -0.120092  0.18621  -0.288036  0.201804  -0.0595758  0.104989  0.245089  -0.0503362  0.0565696  0.0779579  -0.215722  -0.197983  -0.0188458  -0.094618  -0.0940584  0.0945865  
124.098
-0.00755649  0.00813605  0.00813167  0.449089  0.083303  -0.00904761  -0.0191298  0.157162  0.0286579  0.498296  0.00831449  -0.231618  -0.00644117  0.24098  0.0123763  0.00870027  -0.00273228  0.0419055  0.621714  -0.086361  0.0568494  0.0570162  -0.0512996  
154.828
-0.00860531  0.0077776  0.00777037  0.532277  -0.143951  -0.00580598  0.162696  -0.11196  -0.15101  0.341632  0.00872118  0.252468  -0.0281663  -0.251027  0.013452  0.00819852  -0.00259894  0.340149  -0.355526  0.164343  -0.198792  -0.198729  0.203005  
194.301
0.00293664  0.235252  0.234833  -0.324185  0.0365565  -0.010324  0.140255  -0.481173  0.331657  0.437164  0.284776  -0.136622  -0.0257109  0.269997  0.00831823  0.0480032  0.0372729  0.123921  -0.190597  0.00909738  0.0263937  0.0266079  -0.0199443  
231.949
-0.000438451  0.071098  0.0708588  -0.157553  -0.149938  0.00271932  -0.135112  0.00526879  -0.765619  0.0374163  0.508342  -0.111948  0.00814309  0.132464  -0.00488012  0.00223398  0.00483906  -0.0259518  0.0676819  0.204135  -0.0212268  -0.0212869  0.0178476  
237.714
-0.00071758  -0.393936  -0.392463  0.100316  0.0861392  -0.00224644  0.14205  0.0914845  0.281779  -0.085736  0.726565  0.0413894  -0.00700922  -0.0919996  0.00517311  -0.0116757  -0.0142485  0.0244371  -0.0198735  -0.13329  0.0165195  0.0165551  -0.014364  
259.167
-0.00782108  -0.446746  -0.444174  -0.131939  -0.173127  0.00843494  -0.466732  -0.334988  0.0322675  0.251963  -0.217315  -0.0019768  0.0229779  0.116697  -0.0175237  0.0215366  0.0312829  -0.0899026  0.0137153  0.286282  -0.0523858  -0.0525152  0.046658  
321.017
2.47864e-05  -0.708906  0.701883  0.00567853  0.0240447  -5.32454e-05  -0.0032568  -0.0290659  -0.0246261  0.00725361  -0.00404856  0.0217044  -0.000173453  -0.00501567  -9.41714e-05  0.00288416  0.00294004  -0.0095426  -0.00239243  -0.0421978  0.00966806  0.00967072  -0.00971341  
321.364
0.0010222  0.0193434  0.117656  -0.0812138  -0.341243  0.000483111  0.0591942  0.424581  0.347657  -0.108455  0.054872  -0.305665  0.00186746  0.0802804  0.00182596  -0.0389841  -0.0400819  0.140189  0.0334633  0.60201  -0.13771  -0.137743  0.138538  
344.541
-0.0258482  0.0498095  0.0509888  0.0131684  0.00687185  0.00372896  -0.174987  -0.170438  0.0148118  0.0730634  0.0413864  -0.620769  0.0077675  -0.725261  -0.00660376  -0.0546416  -0.0505585  -0.0693806  0.00830629  -0.0686131  0.0117862  0.0117194  -0.0143465  
425.364
0.031657  -0.0382025  -0.0384774  -0.0101816  0.0336609  -0.00232909  0.0903672  0.0627886  -0.0328522  -0.0277446  -0.0330552  -0.109751  -0.00444146  -0.0605118  0.00359346  0.694174  0.693137  0.0296463  -0.00730621  0.0277952  0.00139268  0.00143886  0.000105858  
706.797
0.117405  -0.0245884  -0.0246842  0.0203941  0.810236  -0.0022681  0.0757853  -0.0366861  -0.0626453  -0.00737091  -0.0220155  0.000165205  -0.00448655  -0.0563213  0.00300583  -0.0414809  -0.0435071  -0.00758999  -0.0109784  0.552645  0.0375399  0.0375902  -0.0362553  
909.477
0.990024  -0.017062  -0.0171222  -0.0091157  -0.0990955  -0.000859877  0.0198803  0.00144944  -0.0111065  0.0186544  -0.0153263  -0.0358765  -0.00135127  -0.00359565  0.00120536  -0.0242255  -0.0251423  0.0154668  -0.00379598  -0.0738004  -0.00336341  -0.00334483  0.00392869  
